#本文件格式如下：对每个sigma因子来说，每两个元素之间均以制表符为分隔符，每个sigma因子信息占9行，sigma因子之间隔一空行
#第一行：各个元素分别代表sigma因子id、模体权重、间隙权重、最小间隙值、最大间隙值、adjustE值；
#第二~五行：第一个模体矩阵；
#第六~九行：第二个模体矩阵
sigma70	1	0	13	15	0
27	30	29	28	50	35	59	30	30	38	13	36	27	32	19	19	47
20	23	25	28	20	29	11	15	28	20	35	14	46	12	9	12	42
24	28	37	23	24	24	14	22	12	22	27	32	24	14	14	52	5
45	35	25	37	22	28	32	49	46	36	41	34	19	58	74	33	22
27	22	20	15	23	6	111	30	54	46	6	23
21	28	15	21	14	13	0	15	22	29	1	17
17	32	28	53	25	7	4	17	13	20	0	41
51	34	53	27	44	90	1	54	27	21	109	35

sigma24	1	0	15	23	0
20	10	0	17	47	50	9	6
13	17	12	7	8	3	41	9
8	14	23	36	0	1	2	12
19	19	25	0	5	6	8	33
18	8	0	22	25	45
3	0	60	5	5	1
31	5	0	7	24	5
8	47	0	26	6	9

sigma28	1	0	10	12	0
0	13	17	14	0	8	3
0	2	1	3	1	1	2
0	2	0	3	15	1	1
20	3	2	0	4	10	14
2	2	1	0	2	18	2	17	13
3	0	19	19	0	0	1	1	2
3	18	0	0	17	0	0	2	1
12	0	0	1	1	2	17	0	4

sigma32	1	0	13	16	0
1	2	2	1	0	0	19
9	9	14	2	3	0	0
10	9	5	1	0	19	0
2	2	1	18	19	3	3
5	1	4	0	18	1
16	18	15	18	0	0
1	3	0	0	4	2
0	0	3	4	0	19

sigma38	1	0	-14	-14	0
11	20	7	10	15	8	7	1	35	6	18	7	3	3
5	6	6	11	5	1	29	7	0	12	4	19	0	2
10	11	9	11	9	18	1	0	3	3	8	3	0	5
12	1	16	6	9	11	1	30	0	17	8	9	35	28
