#本文件格式如下：对每个sigma因子来说，每两个元素之间均以制表符为分隔符，每个sigma因子信息占9行，sigma因子之间隔一空行
#第一行：各个元素分别代表sigma因子id、模体权重、间隙权重、最小间隙值、最大间隙值、adjustE值；
#第二~五行：第一个模体矩阵；
#第六~九行：第二个模体矩阵
sigma70	1	0	15	20	0
32	19	19	47	42	51
12	9	12	42	43	10
14	14	52	5	0	33
58	74	33	22	31	22
6	111	30	54	46	6
13	0	15	22	29	1
7	4	17	13	20	0
90	1	54	27	21	109

sigma24	1	0	15	23	0
20	10	0	17	47	50	9	6
13	17	12	7	8	3	41	9
8	14	23	36	0	1	2	12
19	19	25	0	5	6	8	33
18	8	0	22	25	45
3	0	60	5	5	1
31	5	0	7	24	5
8	47	0	26	6	9

sigma28	1	0	10	12	0
0	13	17	14	0	8	3
0	2	1	3	1	1	2
0	2	0	3	15	1	1
20	3	2	0	4	10	14
2	2	1	0	2	18	2	17	13
3	0	19	19	0	0	1	1	2
3	18	0	0	17	0	0	2	1
12	0	0	1	1	2	17	0	4

sigma32	1	0	13	16	0
1	2	2	1	0	0	19
9	9	14	2	3	0	0
10	9	5	1	0	19	0
2	2	1	18	19	3	3
5	1	4	0	18	1
16	18	15	18	0	0
1	3	0	0	4	2
0	0	3	4	0	19

sigma54	1	0	4	4	0
29	29	20	5	2	3	5	70	11
22	24	16	10	81	82	6	11	7
14	15	33	1	4	5	75	7	48
28	25	24	77	6	3	7	5	27
18	15	9	5	11
23	11	11	67	7
24	26	15	8	66
28	41	58	13	9

sigma38	1	0	-14	-14	0
11	20	7	10	15	8	7	1	35	6	18	7	3	3
5	6	6	11	5	1	29	7	0	12	4	19	0	2
10	11	9	11	9	18	1	0	3	3	8	3	0	5
12	1	16	6	9	11	1	30	0	17	8	9	35	28